0 0.0948905109489051 0.7936507936507936 0.18065693430656934 0.3571428571428571
0 0.3033759124087591 0.8002645502645502 0.21076642335766424 0.37566137566137564
1 0.09397810218978102 0.5714285714285714 0.17335766423357662 0.10582010582010581
2 0.5921532846715328 0.7215608465608465 0.2408759124087591 0.39550264550264547
2 0.8343978102189781 0.6904761904761905 0.18704379562043796 0.4206349206349206
1 0.08804744525547445 0.4755291005291005 0.16514598540145986 0.0992063492063492
2 0.2864963503649635 0.3968253968253968 0.16605839416058393 0.20634920634920634
0 0.573905109489051 0.4808201058201058 0.16423357664233576 0.11243386243386243
1 0.8252737226277372 0.46164021164021163 0.19251824817518248 0.13227513227513227
1 0.8293795620437956 0.39285714285714285 0.22627737226277372 0.11375661375661375
1 0.6163321167883211 0.3855820105820106 0.16697080291970803 0.07275132275132275
2 0.09808394160583941 0.2969576719576719 0.16514598540145986 0.21825396825396826
2 0.08302919708029197 0.061507936507936505 0.14416058394160583 0.08068783068783068
2 0.24133211678832117 0.08267195767195767 0.17062043795620438 0.1388888888888889
0 0.06797445255474452 0.1388888888888889 0.11040145985401459 0.082010582010582
0 0.5 0.1607142857142857 0.16423357664233576 0.08597883597883597
1 0.5301094890510949 0.09788359788359788 0.15875912408759124 0.082010582010582
2 0.6847627737226277 0.07738095238095238 0.1177007299270073 0.14947089947089948
2 0.7773722627737226 0.1455026455026455 0.1094890510948905 0.1693121693121693
0 0.5396897810218978 0.21626984126984125 0.09580291970802919 0.046296296296296294
1 0.5807481751824818 0.2857142857142857 0.2125912408759124 0.09523809523809523
1 0.8001824817518248 0.28174603174603174 0.15145985401459852 0.09259259259259259
1 0.12180656934306569 0.2189153439153439 0.14507299270072993 0.07275132275132275
