0 0.9320521619766643 0.54858934169279 0.13589567604667124 0.8652037617554859
2 0.9262182566918326 0.10031347962382445 0.13658201784488674 0.19435736677115986
0 0.05319148936170213 0.7351097178683386 0.091283459162663 0.4482758620689655
0 0.11736444749485243 0.554858934169279 0.06863417982155114 0.5329153605015674
0 0.2089910775566232 0.6959247648902821 0.08853809196980096 0.4890282131661442
0 0.2992450240219629 0.5094043887147335 0.045298558682223745 0.39184952978056425
2 0.45470144131777623 0.5799373040752351 0.09402882635552505 0.7147335423197492
0 0.24365133836650651 0.30407523510971785 0.05628002745367193 0.20689655172413793
2 0.2947838023335621 0.1238244514106583 0.05147563486616335 0.18495297805642633
0 0.3668496911461908 0.26018808777429464 0.06382978723404255 0.23197492163009403
2 0.3404255319148936 0.06583072100313479 0.03980782429649966 0.12539184952978055
0 0.40494166094715167 0.1755485893416928 0.04667124227865477 0.18808777429467083
0 0.4234728894989705 0.07366771159874608 0.04118050789293068 0.08463949843260188
