2 0.7588996763754045 0.794351630867144 0.42970154620640055 0.41129673826571206
2 0.4956850053937432 0.691527446300716 0.2599784250269687 0.3615751789976134
2 0.535059331175836 0.5642402545743834 0.2696871628910464 0.301909307875895
0 0.1679252067601582 0.7394590294351632 0.2876663070837828 0.17899761336515513
1 0.18033081625314634 0.6266905330151153 0.3124775260697591 0.11575178997613365
2 0.23265012585400935 0.35540970564836916 0.23372887450557353 0.2167859984089101
2 0.4198130169003955 0.2911694510739857 0.13412441567781372 0.17501988862370724
2 0.8750449478604818 0.3762927605409706 0.1779935275080906 0.2983293556085919
2 0.8308162531463502 0.265115354017502 0.11254944264653002 0.12291169451073987
2 0.7475728155339806 0.2169848846459825 0.09636821287306724 0.12450278440731902
2 0.4949658396260338 0.21420047732696898 0.13700107874865156 0.16984884645982498
1 0.21610931319669183 0.4882657120127287 0.3416037396619921 0.1141607000795545
1 0.5062927004674578 0.38981702466189344 0.2747213232650126 0.07955449482895784
1 0.4924487594390507 0.33810660302307083 0.27939590075512405 0.12092283214001592
