2 0.17434890450599422 0.8677875429881544 0.16721785861926416 0.21169277799006495
1 0.3693675072343944 0.9061902942300344 0.1608102521703183 0.10431792128391287
0 0.6103761885076477 0.9415361100496752 0.17858619264158743 0.09552923194497516
0 0.7828648201736255 0.9166985097439817 0.15770979743695743 0.12533435231180742
1 0.9386109962794543 0.757546809323653 0.12277800744109135 0.21360336262896445
2 0.7997106242248863 0.6941153993121896 0.10624224886316659 0.25716469239587314
0 0.9030591153369161 0.619411539931219 0.09301364200082679 0.07642338555598013
0 0.12794543199669284 0.7080626671761558 0.13063249276560562 0.14214749713412303
0 0.27594047126911947 0.7046236148261368 0.14468788755684167 0.15284677111196027
0 0.4627945431996693 0.7426442491402369 0.12401818933443572 0.18761941153993122
1 0.6225713104588673 0.7435995414596867 0.16163704009921454 0.234619793656859
2 0.1649441918147995 0.5439434466946885 0.12029764365440264 0.15781429117309898
0 0.3039479123604795 0.5972487581199847 0.12463828028110789 0.0596102407336645
2 0.44987598181066557 0.5752770347726405 0.09115336916081025 0.13947267863966373
1 0.5732740801984291 0.600305693542224 0.11058288548987184 0.0634314100114635
2 0.05291442744935924 0.17214367596484526 0.08391897478296817 0.1241880015284677
1 0.1705250103348491 0.15361100496752006 0.07110376188507647 0.06572411157814291
1 0.16370400992145515 0.11004967520061139 0.0781314592806945 0.03591899121131066
1 0.07203389830508475 0.12323270920901797 0.08991318726746589 0.05464272067252579
1 0.13952046300124019 0.17443637753152463 0.0649028524183547 0.0661062285059228
0 0.21310458867300536 0.1920137562094001 0.062422488631665975 0.02942300343905235
0 0.21920214964861512 0.22716851356515094 0.0684167011161637 0.049293083683607186
2 0.3187267465894998 0.1591517004203286 0.0607689127738735 0.10278945357279327
2 0.3927242662257131 0.16717615590370655 0.05374121537825548 0.08215513947267863
0 0.4810872261264985 0.20213985479556745 0.05808185200496072 0.03591899121131066
2 0.5733774286895411 0.18589988536492166 0.06986357999173212 0.13030187237294613
2 0.5249069863579992 0.2277416889568208 0.053947912360479536 0.08024455483377914
2 0.55549813972716 0.27244936950706916 0.0642827614716825 0.09476499808941537
2 0.600868127325341 0.35594191822697746 0.06118230673832162 0.13794421092854414
1 0.6526457213724679 0.3100878868933894 0.06386936750723439 0.057699656094764996
2 0.6651508887970236 0.41708062667176155 0.06035551880942538 0.12800917080626673
2 0.5286275320380323 0.41708062667176155 0.0965274906986358 0.16316392816201758
2 0.5983877635386523 0.3662590752770348 0.059528730880529145 0.16163546045089797
2 0.48294749896651507 0.3511654566297287 0.06717651922281935 0.13603362628964463
2 0.45152955766845804 0.2762705387848682 0.06965688300950806 0.1184562476117692
2 0.3903472509301364 0.3479174627435995 0.11264985531211244 0.09438288116163546
2 0.39148408433236875 0.2711119602598395 0.08309218685407192 0.10508215513947268
2 0.3624431583298884 0.21283912877340466 0.07585779247622984 0.13679786014520443
2 0.4377842083505581 0.45777607948032095 0.0954940057875155 0.1199847153228888
2 0.16101694915254236 0.39319831868551774 0.069450186027284 0.1123423767672908
2 0.14210417527904093 0.25391669850974397 0.0770979743695742 0.10890332441727169
0 0.25888797023563453 0.3872755063049293 0.09942124844977263 0.08903324417271685
1 0.15006200909466721 0.3442873519296905 0.08598594460520877 0.08253725640045854
1 0.24390243902439024 0.2825754680932365 0.0826787928896238 0.07374856706152083
