0 0.12988172282972552 0.47759315206445113 0.16781968310644946 0.5926485397784491
1 0.10555679535817898 0.8683282980866063 0.20665030127203748 0.2502517623363545
0 0.35918321803168934 0.9332829808660624 0.2461504128542736 0.13343403826787512
1 0.37681321133675516 0.6628902316213494 0.23543851818790448 0.472809667673716
1 0.6780852488283865 0.7089627391742195 0.17563043963401026 0.45820745216515607
2 0.8902030796697166 0.8277945619335347 0.21959384066056684 0.34441087613293053
2 0.3769247935728632 0.26963746223564955 0.1691586699397456 0.30060422960725075
0 0.634568176746262 0.41515609264853975 0.18054005802276277 0.1042296072507553
2 0.8818344119616157 0.405337361530715 0.14840437402365544 0.3504531722054381
2 0.8599642936844454 0.263091641490433 0.17072082124525775 0.3197381671701913
0 0.7584244588261548 0.32653575025176235 0.11716134791341218 0.13141993957703926
2 0.7288551662575318 0.16188318227593151 0.12452577549654095 0.23716012084592145
1 0.5939522428029458 0.2948136958710977 0.11671501896898014 0.1203423967774421
1 0.5827940191921446 0.22507552870090636 0.14170943985717474 0.09768378650553877
1 0.06114706538719036 0.14627391742195367 0.09640705199732202 0.13846928499496475
2 0.22918991296585584 0.13141993957703926 0.1115822361080116 0.1933534743202417
0 0.3832849810310199 0.168932527693857 0.1461727293014952 0.1283987915407855
0 0.5233206873465744 0.052870090634441085 0.10935059138585138 0.08157099697885196
