0 0.1769644779332616 0.7309915518008003 0.2333692142088267 0.4864384170742552
0 0.4094725511302476 0.7256558470431302 0.2217438105489774 0.48465984882169855
1 0.6925726587728741 0.6976433970653624 0.19677072120559744 0.5353490440195643
0 0.9006458557588806 0.7058692752334371 0.16081808396124866 0.485993775011116
2 0.8677072120559742 0.29212983548243665 0.22238966630785792 0.2756780791462872
0 0.6771797631862218 0.35615829257447756 0.16856835306781487 0.16007114273010226
0 0.4406889128094726 0.38550466874166295 0.18083961248654468 0.11560693641618497
0 0.23153928955866523 0.38261449533125835 0.17717976318622175 0.12138728323699421
2 0.28751345532831 0.16473988439306358 0.14703982777179764 0.2903512672298799
0 0.4542518837459634 0.240329035126723 0.12055974165769645 0.11871943085815918
1 0.6308934337997848 0.22921298354824365 0.1233584499461787 0.10804802134281903
0 0.6232508073196986 0.13872832369942195 0.08826695371367062 0.08448199199644287
2 0.44176533907427346 0.0920409070698088 0.12142088266953714 0.14228546020453534
0 0.9739504843918192 0.10671409515340151 0.044779332615715824 0.1823032458870609
0 0.952421959095802 0.06024899955535794 0.05769644779332616 0.10893730546909737
2 0.6759956942949409 0.08448199199644287 0.1528525296017223 0.1511783014673188
0 0.52508073196986 0.07469986660738105 0.0736275565123789 0.11116051578479325
