2 0.27525 0.54775 0.13983333333333334 0.1955
0 0.476 0.60975 0.11233333333333333 0.113
1 0.7188333333333333 0.6125 0.16733333333333333 0.075
1 0.9028333333333333 0.6065 0.15433333333333332 0.135
0 0.9574166666666666 0.8250000000000001 0.08516666666666667 0.261
0 0.7839999999999999 0.71625 0.20933333333333332 0.1325
1 0.46841666666666665 0.7495 0.1755 0.20550000000000002
0 0.20975 0.74675 0.16949999999999998 0.163
1 0.11408333333333333 0.918125 0.14483333333333334 0.16375
2 0.40499999999999997 0.8585 0.23199999999999998 0.28300000000000003
2 0.7736666666666666 0.85475 0.2846666666666667 0.2905
