0 0.2625691881918819 0.8832089552238807 0.35585793357933576 0.2335820895522388
0 0.6086254612546125 0.8751865671641791 0.32287822878228783 0.2496268656716418
0 0.18519372693726938 0.6690298507462686 0.3196494464944649 0.15746268656716417
0 0.5253690036900369 0.6744402985074627 0.37084870848708484 0.17350746268656717
0 0.9015221402214022 0.6983208955223881 0.19695571955719557 0.183955223880597
0 0.17112546125461253 0.5451492537313433 0.24538745387453872 0.13880597014925372
0 0.41662822878228783 0.5292910447761194 0.23869926199261993 0.12798507462686567
0 0.3886070110701107 0.43600746268656715 0.21263837638376384 0.0958955223880597
2 0.16708948339483395 0.4039179104477612 0.27329335793357934 0.13843283582089552
1 0.8589714022140221 0.546455223880597 0.22393911439114392 0.1623134328358209
2 0.9170894833948339 0.4199626865671642 0.1658210332103321 0.12798507462686567
1 0.7386992619926199 0.43582089552238806 0.23708487084870847 0.0746268656716418
0 0.6315728782287823 0.3692164179104478 0.21425276752767528 0.08544776119402984
0 0.8178044280442804 0.36138059701492536 0.08902214022140222 0.09067164179104478
0 0.5822186346863468 0.3158582089552239 0.18104243542435425 0.06380597014925374
0 0.7659132841328413 0.32667910447761195 0.16651291512915128 0.08544776119402984
0 0.34974630996309963 0.3427238805970149 0.1529059040590406 0.0541044776119403
0 0.3128459409594096 0.3029850746268657 0.11646678966789667 0.06119402985074627
0 0.12165590405904059 0.26063432835820893 0.0754151291512915 0.030223880597014925
0 0.11958025830258302 0.22332089552238807 0.06895756457564575 0.04141791044776119
0 0.29612546125461253 0.23115671641791044 0.1033210332103321 0.04664179104477612
0 0.5119926199261993 0.2335820895522388 0.11577490774907749 0.05298507462686567
2 0.7092942804428044 0.24347014925373134 0.14875461254612546 0.07649253731343283
