0 0.11663551401869159 0.8865746549560852 0.17158878504672898 0.14353826850690088
1 0.08018691588785046 0.782810539523212 0.14616822429906542 0.07302383939774153
2 0.052149532710280375 0.6481806775407779 0.09009345794392523 0.13249686323713927
2 0.2211214953271028 0.5695106649937264 0.07476635514018691 0.10715181932245921
2 0.32056074766355136 0.637892095357591 0.11738317757009345 0.11191969887076536
2 0.4692523364485981 0.6698870765370137 0.15308411214953271 0.09811794228356335
2 0.7444859813084111 0.7656210790464241 0.18018691588785046 0.11191969887076536
0 0.392803738317757 0.7941028858218319 0.1291588785046729 0.06398996235884567
0 0.5950467289719625 0.7964868255959849 0.1291588785046729 0.06373902132998745
0 0.24579439252336446 0.7941028858218319 0.11738317757009345 0.07754077791718945
0 0.14560747663551402 0.7041405269761606 0.09009345794392523 0.07076537013801756
0 0.12682242990654205 0.642534504391468 0.08317757009345794 0.04341279799247177
0 0.20757009345794392 0.6367628607277289 0.06785046728971962 0.03638644918444165
0 0.2389719626168224 0.6823086574654955 0.07644859813084112 0.04567126725219573
0 0.43018691588785046 0.8444165621079046 0.13252336448598132 0.041154328732747804
1 0.571214953271028 0.7577164366373902 0.16635514018691588 0.0685069008782936
