1 0.4539859320046893 0.878125 0.2737397420867526 0.18906250000000002
1 0.1298358733880422 0.9382812500000001 0.24794841735052753 0.1234375
1 0.12485345838218052 0.78125 0.23446658851113714 0.19062500000000002
1 0.347010550996483 0.745703125 0.1969519343493552 0.13671875
1 0.7045720984759671 0.7878906250000001 0.15943728018757325 0.26484375
0 0.5172919109026963 0.6839843750000001 0.12016412661195779 0.16484375
1 0.1339390386869871 0.606640625 0.12837045720984758 0.04609375
0 0.14859320046893318 0.6511718750000001 0.10961313012895661 0.047656250000000004
2 0.343200468933177 0.61640625 0.07444314185228604 0.1296875
0 0.28106682297772567 0.59375 0.06506447831184056 0.084375
1 0.4358147713950762 0.62109375 0.06858147713950762 0.1
1 0.6169402110199296 0.630859375 0.06037514654161782 0.06015625
2 0.6881594372801876 0.52890625 0.028135990621336458 0.0328125
2 0.7596717467760844 0.52265625 0.021101992966002344 0.028125
2 0.7857561547479484 0.5203125000000001 0.01817116060961313 0.028125
2 0.8159437280187573 0.527734375 0.019929660023446656 0.025781250000000002
2 0.8572684642438452 0.553125 0.025205158264947243 0.040625
2 0.8185814771395076 0.56640625 0.043962485345838215 0.0484375
1 0.8927315357561547 0.6062500000000001 0.05509964830011723 0.040625
0 0.6421453692848769 0.532421875 0.027549824150058615 0.022656250000000003
