0 0.03687930409568684 0.9276035131744039 0.06578470460311707 0.14378920953575908
0 0.1538600942370424 0.9094102885821831 0.1319318593693367 0.12547051442910914
0 0.41582094961942734 0.8797992471769134 0.12522653135193912 0.12998745294855707
0 0.5376948169626676 0.8785445420326222 0.10873504893077202 0.11392722710163111
0 0.7271656397245378 0.8659974905897113 0.09550561797752809 0.08883312421580927
0 0.8532076839434577 0.8534504391468004 0.12359550561797752 0.10037641154328732
2 0.7107647698441464 0.7826850690087829 0.19101123595505617 0.10941028858218318
0 0.5781080101486046 0.8021329987452948 0.11054729974628488 0.056963613550815556
0 0.3918992388546575 0.8146800501882057 0.10057992026096411 0.06398996235884567
0 0.27745559985501994 0.8249686323713926 0.1417180137731062 0.05244667503136762
1 0.12422979340340704 0.8135508155583437 0.12848858281986225 0.05269761606022584
2 0.07430228343602754 0.6760351317440401 0.11235955056179775 0.1274780426599749
0 0.16264951069227981 0.7185696361355081 0.07774555998550199 0.04240903387703889
0 0.15567234505255528 0.754077791718946 0.10873504893077202 0.03864491844416562
0 0.25724900326205147 0.7470514429109159 0.09296846683581007 0.035633626097867
1 0.5160384197172888 0.7427854454203262 0.11725262776368249 0.061229611041405264
0 0.13764044943820225 0.6583437892095357 0.07375860819137368 0.0328732747804266
0 0.21103660746647335 0.6530740276035131 0.06578470460311707 0.0383939774153074
2 0.31805001812250816 0.6375156838143036 0.08880028996013048 0.10514429109159347
2 0.4479884015947807 0.6595984943538268 0.10909749909387459 0.11618569636135508
1 0.0972272562522653 0.6062735257214554 0.08753171438927147 0.03914680050188205
2 0.22209133744110185 0.5867001254705144 0.07375860819137368 0.0918444165621079
