0 0.08570708343836653 0.7410242872228088 0.16334761784723972 0.37434002111932413
0 0.3313587093521553 0.7964625131995775 0.2583816486009579 0.40707497360084477
0 0.1905722208217797 0.5073917634635692 0.18149735316359972 0.1689545934530095
0 0.42059490799092514 0.5229672650475184 0.20241996470884802 0.15258711721224918
1 0.6780942777917822 0.762143611404435 0.2419964708847996 0.38278775079197463
0 0.922233425762541 0.8067581837381204 0.1555331484749181 0.351636747624076
2 0.9057222082177968 0.41209081309398093 0.15427275018905975 0.3078141499472017
0 0.7005293672800605 0.47492080253431884 0.1830098311066297 0.14941921858500526
0 0.6867910259642047 0.36826821541710664 0.1368792538442148 0.13569165786694826
0 0.7127552306528864 0.2869588173178458 0.1368792538442148 0.0966209081309398
2 0.8956390219309303 0.29989440337909185 0.15830602470380642 0.28511087645195354
2 0.2845979329468112 0.26504751847940866 0.11595664229896648 0.30306230200633577
0 0.4842450214267709 0.3585005279831045 0.1255356692714898 0.09820485744456177
2 0.497731283085455 0.20248152059134106 0.11116712881270482 0.16948257655755014
0 0.6187295185278548 0.1961457233368532 0.05772624149231157 0.1071805702217529
0 0.6358709352155282 0.15205913410770855 0.05722208217796824 0.08447729672650475
2 0.620872195613814 0.05279831045406547 0.10032770355432317 0.09503695881731784
2 0.8979077388454753 0.09582893347412882 0.0806654902949332 0.13569165786694826
1 0.8245525586085203 0.07814149947201689 0.07058230400806655 0.06124604012671594
