1 0.2605162523900574 0.8786173633440514 0.12523900573613767 0.1977491961414791
1 0.27581261950286806 0.7106109324758842 0.132887189292543 0.1157556270096463
2 0.43881453154875716 0.864951768488746 0.16061185468451242 0.17684887459807075
1 0.47562141491395793 0.727491961414791 0.2323135755258126 0.13344051446945338
2 0.46175908221797324 0.5827974276527331 0.16634799235181644 0.1270096463022508
2 0.2939770554493308 0.5667202572347266 0.15391969407265774 0.13344051446945338
0 0.29493307839388144 0.4067524115755627 0.11567877629063097 0.1157556270096463
2 0.44933078393881454 0.4091639871382637 0.15678776290630975 0.1495176848874598
0 0.45411089866156784 0.31109324758842444 0.12045889101338432 0.06591639871382636
2 0.4646271510516252 0.21061093247588425 0.12619502868068833 0.06752411575562701
2 0.32313575525812616 0.1937299035369775 0.1453154875717017 0.12379421221864952
2 0.2954110898661568 0.2918006430868167 0.13575525812619502 0.12379421221864952
2 0.6768642447418738 0.1937299035369775 0.15105162523900573 0.09807073954983923
1 0.7060229445506692 0.26688102893890675 0.13097514340344169 0.04823151125401929
2 0.7079349904397705 0.3520900321543408 0.1424474187380497 0.12218649517684887
2 0.8690248565965583 0.3834405144694534 0.14722753346080306 0.16237942122186494
2 0.8369980879541109 0.24678456591639872 0.11376673040152964 0.07877813504823152
2 0.8264818355640535 0.15916398713826366 0.11950286806883365 0.08681672025723472
2 0.7418738049713193 0.5602893890675241 0.1682600382409178 0.16559485530546625
2 0.9230401529636711 0.5482315112540193 0.15391969407265774 0.12218649517684887
1 0.768642447418738 0.7065916398713826 0.2045889101338432 0.1270096463022508
0 0.7820267686424474 0.8721864951768489 0.1548757170172084 0.16559485530546625
1 0.9431166347992351 0.8464630225080386 0.11376673040152964 0.13344051446945338
2 0.9335564053537284 0.6937299035369775 0.132887189292543 0.09485530546623794
